sensor_kit_base_link:
  velodyne_top_base_link:
    x: 0.0
    y: 0.0
    z: 0.0
    roll: 0.0
    pitch: 0.0
    yaw: 0.0
  velodyne_rear_base_link:
    x: -2.28473893206
    y: 0.0512371216823
    z: 0.0420246621513
    yaw: -3.121690958554422
    pitch: 0.027073237395562253
    roll: -0.004441544896989345
